1
4
	  0.1961   0.0382   0.3659   0.7427   0.9989  -0.0458  -0.1941
	  0.2135   0.3228   0.4112   0.0068   0.0428  -0.9991   0.3134
	 -0.0430   0.2273   0.3878   0.0497   0.3072  -0.9516   0.2295
	 -0.2204  -0.3188   0.3322   0.4877  -0.0774  -0.9970  -0.3349
1 1
0000000f 

2
12
	 -0.4253  -0.2008   0.0559   0.2385   0.9974  -0.0722   0.4097
	 -0.0608  -0.0459   0.3442   0.0769   0.4645  -0.8856  -0.0124
	 -0.2238  -0.1029   0.3581   0.0642   0.3925  -0.9197  -0.0068
	 -0.2900   0.3042   0.0573   0.1886   0.9266  -0.3760   0.3831
	 -0.0573   0.3088   0.4460   0.9864  -0.0854  -0.9963   0.3028
	 -0.1090   0.2696   0.3922   0.4903  -0.0606  -0.9982   0.2625
	  0.1362   0.1532   0.1504   0.2489   1.0000  -0.0071  -0.1351
	  0.2178   0.1576   0.2082   0.7515  -1.0000  -0.0093   0.2192
	  0.3858  -0.2080   0.0582   0.8049  -0.9411  -0.3381   0.2927
	  0.1138  -0.1778   0.4928   0.9905  -0.0597  -0.9982  -0.1707
	  0.0641  -0.0387   0.3327   0.5960   0.5671  -0.8236  -0.0682
	 -0.0340  -0.2251   0.7425   0.4917  -0.0524  -0.9986  -0.2266
1 1
00000fff 

3
14
	 -0.1330  -0.2664   0.4472   0.0388   0.2412  -0.9705  -0.2264
	  0.2202  -0.0771   0.1412   0.2972  -0.9563  -0.2923   0.1881
	  0.1135  -0.1952   0.2402   0.0732   0.4442  -0.8959  -0.2254
	  0.0585   0.0280   0.4469   0.9888  -0.0700  -0.9975   0.0321
	 -0.0857   0.2922   0.4961   0.9898  -0.0641  -0.9979   0.2861
	 -0.1466   0.1123   0.4689   0.0491   0.3039  -0.9527   0.1516
	 -0.3256   0.2895   0.0320   0.2230   0.9856  -0.1689   0.3698
	  0.2187  -0.2027   0.2227   0.5711   0.4323  -0.9017  -0.2773
	  0.3106  -0.0937   0.1670   0.7525  -0.9999  -0.0160   0.3091
	 -0.0878  -0.2882   0.5333   0.5296   0.1852  -0.9827  -0.2670
	  0.1688   0.2192   0.1153   0.7670  -0.9943  -0.1064   0.1911
	 -0.0971  -0.0068   0.6214   0.4869  -0.0821  -0.9966  -0.0148
	 -0.0250   0.1172   0.2812   0.5536   0.3307  -0.9437   0.1189
	 -0.0603   0.2551   0.3872   0.4658  -0.2130  -0.9771   0.2364
1 1
00003fff 

4
15
	  0.4328  -0.0564   0.0576   0.7730  -0.9896  -0.1438   0.4202
	  0.2749  -0.0313   0.3002   0.9863  -0.0858  -0.9963  -0.0075
	 -0.1525   0.1655   0.4784   0.6467   0.7968  -0.6043   0.2216
	 -0.0285   0.3822   0.1102   0.7538  -0.9997  -0.0241  -0.0193
	  0.1162   0.1194   0.3043   0.7544  -0.9996  -0.0274   0.1194
	  0.0785   0.2677   0.0623   0.0123   0.0769  -0.9970   0.2609
	 -0.0333   0.3998   0.0722   0.0127   0.0797  -0.9968   0.4011
	  0.0652   0.1314   0.2816   0.2517  -0.9999  -0.0107   0.0666
	 -0.1243  -0.0294   0.3451   0.9963  -0.0231  -0.9997  -0.0323
	 -0.2183   0.1657   0.5947   0.1458   0.7934  -0.6087   0.2740
	  0.2774  -0.0896   0.3114   0.5045   0.0285  -0.9996  -0.0974
	  0.0888  -0.4395   0.0620   0.4976  -0.0153  -0.9999  -0.4381
	  0.1228  -0.2599   0.3354   0.7501  -1.0000  -0.0006   0.1226
	  0.0553  -0.2651   0.3553   0.2555  -0.9994  -0.0349   0.0461
	 -0.1758  -0.0821   0.4499   0.4935  -0.0407  -0.9992  -0.0892
1 1
00007fff 

5
17
	 -0.2282   0.1388   0.2700   0.2536  -0.9997  -0.0228  -0.2250
	 -0.1902   0.2203   0.1435   0.4892  -0.0679  -0.9977   0.2069
	  0.0427  -0.0102   0.3540   0.4993  -0.0046  -1.0000  -0.0100
	 -0.1138  -0.0091   0.3226   0.5133   0.0835  -0.9965   0.0005
	  0.0712   0.2171   0.3931   0.4872  -0.0804  -0.9968   0.2221
	 -0.2403  -0.2948   0.0697   0.2475   0.9999  -0.0156   0.2357
	 -0.0490  -0.2601   0.4122   0.0150   0.0944  -0.9955  -0.2543
	  0.2066  -0.0531   0.1160   0.3842  -0.6651  -0.7468   0.0978
	  0.2446  -0.1113   0.1356   0.2518  -0.9999  -0.0115   0.2433
	 -0.0666  -0.3030   0.4558   0.5277   0.1729  -0.9849  -0.2869
	  0.2767   0.2262   0.0659   0.7227   0.9853  -0.1708  -0.2339
	  0.3291  -0.1130   0.1810   0.7722  -0.9903  -0.1390   0.3102
	  0.2685  -0.2136   0.1557   0.5909   0.5405  -0.8413  -0.3248
	  0.0676   0.0226   0.4356   0.9893  -0.0674  -0.9977   0.0271
	  0.0636   0.2527   0.4423   0.9968  -0.0204  -0.9998   0.2540
	 -0.1610   0.2900   0.0967   0.8153  -0.9169  -0.3991  -0.0319
	 -0.2072   0.3301   0.0975   0.9949  -0.0322  -0.9995   0.3233
1 1
0001ffff 

6
16
	 -0.0833   0.2321   0.4388   0.1146   0.6593  -0.7519   0.2295
	 -0.2295  -0.2356   0.1647   0.4376  -0.3823  -0.9240  -0.3054
	 -0.3013  -0.1079   0.2424   0.2483   0.9999  -0.0104   0.3002
	 -0.2188  -0.1252   0.1475   0.7352   0.9957  -0.0929   0.2062
	 -0.1858  -0.0162   0.0922   0.6545   0.8253  -0.5647   0.1442
	 -0.0127  -0.2244   0.3265   0.9919  -0.0506  -0.9987  -0.2248
	 -0.1717  -0.2061   0.1040   0.9205  -0.4791  -0.8778  -0.2631
	  0.0627   0.0178   0.4148   0.9824  -0.1105  -0.9939   0.0246
	  0.2537  -0.2220   0.2060   0.6090   0.6325  -0.7745  -0.3324
	  0.3348  -0.1007   0.1533   0.7619  -0.9972  -0.0748   0.3263
	  0.2331  -0.0055   0.1269   0.4269  -0.4435  -0.8963   0.0984
	  0.2540  -0.1093   0.1050   0.2869  -0.9732  -0.2298   0.2220
	  0.0045  -0.0100   0.3346   0.4852  -0.0927  -0.9957  -0.0096
	  0.0859  -0.2598   0.3552   0.4933  -0.0418  -0.9991  -0.2560
	 -0.0657  -0.2706   0.4058   0.4966  -0.0211  -0.9998  -0.2719
	  0.0348   0.2236   0.5013   0.6171   0.6711  -0.7414   0.1424
1 1
0000ffff 

7
8
	 -0.5143   0.2111   0.0452   0.2186   0.9806  -0.1959   0.5457
	 -0.0274  -0.3808   0.1071   0.4994  -0.0039  -1.0000  -0.3809
	  0.0373  -0.2753   0.2079   0.7480   0.9999  -0.0126  -0.0408
	  0.2286   0.0705   0.2658   0.5936   0.5546  -0.8321  -0.0681
	 -0.1460   0.1841   0.7351   0.4920  -0.0503  -0.9987   0.1766
	 -0.0403  -0.2592   0.2157   0.2261   0.9888  -0.1495   0.0011
	  0.0527  -0.0627   0.4387   0.1720   0.8822  -0.4710  -0.0760
	 -0.0889   0.2201   0.8370   0.9922  -0.0492  -0.9988   0.2155
1 1
000000ff 

8
26
	 -0.0193  -0.3067   0.4095   0.5042   0.0264  -0.9997  -0.3061
	 -0.2767  -0.1989   0.1708   0.2697  -0.9924  -0.1234  -0.2991
	 -0.1623  -0.2584   0.1054   0.9069  -0.5522  -0.8337  -0.3051
	 -0.1955  -0.1753   0.1105   0.7484   1.0000  -0.0097   0.1938
	  0.3199  -0.1717   0.1416   0.7453   0.9996  -0.0293  -0.3248
	  0.2940  -0.2589   0.1164   0.5906   0.5390  -0.8423  -0.3765
	 -0.2013   0.1888   0.1362   0.7102   0.9689  -0.2474   0.2418
	 -0.1664   0.0732   0.3109   0.4480  -0.3212  -0.9470   0.0159
	 -0.0872  -0.0851   0.2326   0.5630   0.3854  -0.9227  -0.0449
	  0.0940   0.2210   0.1412   0.4606  -0.2453  -0.9695   0.2373
	 -0.0443   0.2766   0.2209   0.4929  -0.0449  -0.9990   0.2744
	  0.1498   0.0578   0.1083   0.5896   0.5339  -0.8456  -0.0311
	  0.1386  -0.0314   0.1809   0.4453  -0.3368  -0.9416   0.0171
	 -0.3056   0.1777   0.1487   0.2701  -0.9920  -0.1263  -0.2807
	 -0.2563   0.2750   0.1433   0.0946   0.5601  -0.8284   0.3714
	 -0.0075  -0.2714   0.3075   0.0031   0.0194  -0.9998  -0.2712
	  0.2021  -0.2320   0.1076   0.0513   0.3168  -0.9485  -0.2841
	  0.2322  -0.1589   0.1238   0.2607  -0.9977  -0.0672   0.2210
	  0.2749  -0.0211   0.2213   0.8712  -0.7238  -0.6901   0.1844
	  0.2205   0.1605   0.1561   0.6994   0.9498  -0.3128  -0.1593
	 -0.0819  -0.0125   0.2569   0.0862   0.5154  -0.8569   0.0315
	 -0.1094   0.1068   0.2628   0.9596  -0.2513  -0.9679   0.0759
	  0.0697   0.0707   0.1363   0.0585   0.3596  -0.9331   0.0409
	  0.1363   0.1755   0.1652   0.2221   0.9847  -0.1742  -0.1036
	  0.2346   0.1478   0.1170   0.1074   0.6246  -0.7810  -0.0311
	 -0.0088   0.2962   0.4326   0.9892  -0.0676  -0.9977   0.2950
1 1
03ffffff 

9
16
	  0.1689  -0.4317   0.1009   0.4866  -0.0840  -0.9965  -0.4160
	  0.1268  -0.1952   0.4435   0.2513  -1.0000  -0.0081   0.1252
	 -0.0912   0.0256   0.1884   0.0309   0.1927  -0.9813   0.0427
	 -0.2009   0.0849   0.2753   0.9855  -0.0907  -0.9959   0.0663
	 -0.1733   0.2421   0.3993   0.0133   0.0836  -0.9965   0.2558
	  0.0462   0.1148   0.1847   0.0991   0.5834  -0.8122   0.0663
	  0.0844   0.2459   0.2594   0.9902  -0.0618  -0.9981   0.2506
	 -0.3946   0.1268   0.1588   0.2476   0.9999  -0.0152   0.3965
	 -0.2940   0.1911   0.1143   0.5927   0.5500  -0.8352   0.3213
	 -0.3094   0.1187   0.1046   0.7502  -1.0000  -0.0010  -0.3092
	  0.0233   0.0614   0.1740   0.5577   0.3544  -0.9351   0.0491
	 -0.0863   0.2178   0.3315   0.4995  -0.0033  -1.0000   0.2176
	 -0.2215   0.0637   0.3839   0.4922  -0.0491  -0.9988   0.0528
	  0.2320  -0.3729   0.1219   0.7478   0.9999  -0.0137  -0.2371
	  0.2031  -0.1359   0.5526   0.7513  -1.0000  -0.0082   0.2020
	  0.1855   0.1294   0.1777   0.6825   0.9114  -0.4115  -0.1158
1 1
0000ffff 

2l
12
	  0.0392  -0.0967   0.4119   0.5955   0.5647  -0.8253  -0.1019
	 -0.0513  -0.2279   0.8270   0.5076   0.0480  -0.9988  -0.2252
	  0.3680  -0.1643   0.0390   0.7119   0.9715  -0.2370  -0.3965
	  0.2192   0.1464   0.2643   0.7604  -0.9978  -0.0656   0.2283
	 -0.2987  -0.1812   0.2775   0.0391   0.2432  -0.9700  -0.1031
	 -0.4420  -0.2387   0.0478   0.1640   0.8575  -0.5144   0.2563
	  0.1415   0.1453   0.2030   0.2578  -0.9988  -0.0489   0.1485
	 -0.0144  -0.0480   0.3520   0.0790   0.4761  -0.8794  -0.0353
	  0.1169  -0.1710   0.4997   0.0261   0.1635  -0.9865  -0.1878
	 -0.0848   0.2618   0.4509   0.5030   0.0187  -0.9998   0.2634
	 -0.0273   0.2988   0.4937   0.9845  -0.0975  -0.9952   0.2948
	 -0.3012   0.2895   0.0439   0.1634   0.8556  -0.5177   0.4076
1 1
00000fff 

0
20
	 -0.1998   0.0091   0.3521   0.7426   0.9989  -0.0463   0.2001
	 -0.1449   0.2000   0.1417   0.6528   0.8191  -0.5736   0.2335
	 -0.0926   0.2468   0.1178   0.5190   0.1188  -0.9929   0.2560
	  0.0266   0.2585   0.1430   0.4651  -0.2178  -0.9760   0.2581
	 -0.2051   0.2589   0.1417   0.1129   0.6512  -0.7589   0.3300
	 -0.1046   0.3039   0.1241   0.0071   0.0446  -0.9990   0.3082
	 -0.0171   0.3158   0.1725   0.0123   0.0775  -0.9970   0.3162
	  0.2069   0.2472   0.2119   0.8864  -0.6546  -0.7560   0.3223
	  0.1299   0.2893   0.1863   0.9964  -0.0223  -0.9998   0.2922
	  0.2798   0.0204   0.3459   0.7475   0.9999  -0.0160  -0.2794
	  0.2277   0.0136   0.2641   0.2451   0.9995  -0.0310  -0.2272
	  0.1624   0.2070   0.1867   0.3781  -0.6933  -0.7206   0.2618
	  0.0709  -0.3025   0.1771   0.5070   0.0440  -0.9990  -0.3054
	 -0.1033  -0.2941   0.1977   0.4821  -0.1123  -0.9937  -0.3038
	  0.2141  -0.2292   0.2032   0.6183   0.6769  -0.7361  -0.3136
	 -0.2303  -0.2335   0.1143   0.3640  -0.7542  -0.6567  -0.3270
	 -0.2545   0.0208   0.4226   0.2470   0.9998  -0.0190   0.2548
	 -0.0091  -0.2574   0.2237   0.0002   0.0011  -1.0000  -0.2574
	 -0.1476  -0.1978   0.1853   0.8752  -0.7064  -0.7078  -0.2442
	  0.1621  -0.1913   0.1832   0.1307   0.7321  -0.6812  -0.2490
1 1
000fffff 

