4
linear   essential      -0.250000   0.750000
linear   non-essential   0.000000   1.000000
linear   essential       0.000000   1.000000
linear   essential       0.000000   1.000000

1 1
significant   elliptical    19
	  0.307994  0.138576  0.196430  0.025480
	  0.004948  0.000847  0.001911  0.000250

2 3
significant   elliptical     7
	  0.318423  0.347346  0.251107  0.161977
	  0.000628  0.001226  0.000202  0.001176
significant   elliptical     7
	  0.386188  0.225211  0.167636  0.090794
	  0.000691  0.002019  0.002607  0.000163
significant   elliptical     7
	  0.243665  0.207596  0.152409  0.099055
	  0.001855  0.000869  0.001054  0.000153

3 2
significant   elliptical     2
	  0.451620  0.328646  0.269671  0.089347
	  0.000100  0.000100  0.000100  0.000100
significant   elliptical    11
	  0.321803  0.247969  0.200970  0.082576
	  0.001223  0.000929  0.000731  0.000375

4 3
significant   elliptical     9
	  0.329709  0.273100  0.146690  0.111604
	  0.001176  0.000565  0.000621  0.000234
significant   elliptical     1
	  0.444937  0.296137  0.193802  0.131533
	  0.000100  0.000100  0.000100  0.000100
significant   elliptical     1
	  0.422059  0.308448  0.171113  0.121033
	  0.000100  0.000100  0.000100  0.000100

5 2
significant   elliptical    11
	  0.308635  0.261784  0.209051  0.093622
	  0.001954  0.001476  0.000678  0.000398
significant   elliptical     1
	  0.468798  0.354157  0.266999  0.137728
	  0.000100  0.000100  0.000100  0.000100

6 4
significant   elliptical     1
	  0.400005  0.381339  0.250534  0.144217
	  0.000100  0.000100  0.000100  0.000100
significant   elliptical     1
	  0.312140  0.304161  0.226377  0.093896
	  0.000100  0.000100  0.000100  0.000100
significant   elliptical     3
	  0.328582  0.248992  0.202504  0.073436
	  0.000404  0.000298  0.000100  0.000100
significant   elliptical     6
	  0.249560  0.227640  0.168367  0.070633
	  0.000524  0.001149  0.000605  0.000360

7 7
significant   elliptical     1
	  0.557209  0.177135  0.165674  0.078101
	  0.000100  0.000100  0.000100  0.000100
significant   elliptical     1
	  0.546395  0.187300  0.162414  0.093769
	  0.000100  0.000100  0.000100  0.000100
significant   elliptical     1
	  0.533512  0.272620  0.266455  0.108597
	  0.000100  0.000100  0.000100  0.000100
significant   elliptical     5
	  0.373720  0.175635  0.193828  0.069893
	  0.000338  0.000169  0.000214  0.000100
significant   elliptical     1
	  0.320408  0.144660  0.150831  0.053636
	  0.000100  0.000100  0.000100  0.000100
significant   elliptical     1
	  0.313119  0.172817  0.180544  0.066522
	  0.000100  0.000100  0.000100  0.000100
significant   elliptical     1
	  0.283926  0.134191  0.152461  0.046894
	  0.000100  0.000100  0.000100  0.000100

8 2
significant   elliptical    10
	  0.282162  0.292844  0.166815  0.088026
	  0.002128  0.001648  0.001048  0.000202
significant   elliptical     1
	  0.436689  0.462819  0.272968  0.132311
	  0.000100  0.000100  0.000100  0.000100

9 5
significant   elliptical     6
	  0.277979  0.241590  0.193124  0.074838
	  0.000420  0.001013  0.000431  0.000100
significant   elliptical     1
	  0.330493  0.171159  0.150220  0.058052
	  0.000100  0.000100  0.000100  0.000100
significant   elliptical     1
	  0.432902  0.278990  0.137690  0.140426
	  0.000100  0.000100  0.000100  0.000100
significant   elliptical     2
	  0.531327  0.303048  0.265248  0.104537
	  0.000100  0.000100  0.000365  0.000100
significant   elliptical     1
	  0.631499  0.358566  0.296701  0.093228
	  0.000100  0.000100  0.000100  0.000100

2l 1
significant   elliptical     1
	  0.375029  0.205130  0.182215  0.095334
	  0.000100  0.000100  0.000100  0.000100

0 4
significant   elliptical     3
	  0.242966  0.235665  0.168616  0.096794
	  0.000100  0.000117  0.000100  0.000181
significant   elliptical     1
	  0.232708  0.291626  0.154418  0.146184
	  0.000100  0.000100  0.000100  0.000100
significant   elliptical     1
	  0.310735  0.199536  0.121380  0.066542
	  0.000100  0.000100  0.000100  0.000100
significant   elliptical     1
	  0.426391  0.225595  0.131576  0.099280
	  0.000100  0.000100  0.000100  0.000100
