1
9
	  0.1099   0.0657   0.7041   0.6272   0.7168  -0.6972  -0.0330
	  0.3458   0.2900   0.1643   0.5698   0.4245  -0.9054   0.1158
	  0.3448   0.3301   0.2237   0.9820  -0.1131  -0.9936   0.3670
	  0.0432  -0.2699   0.1821   0.5819   0.4920  -0.8706  -0.2562
	 -0.1609  -0.2904   0.3157   0.4924  -0.0480  -0.9988  -0.2978
	 -0.3021  -0.2433   0.1372   0.3296  -0.8775  -0.4795  -0.3818
	 -0.0045  -0.2401   0.2234   0.9935  -0.0406  -0.9992  -0.2401
	 -0.1296  -0.2240   0.1093   0.8240  -0.8938  -0.4484  -0.2163
	 -0.0537   0.0736   0.7002   0.1422   0.7791  -0.6269   0.0880
1 1
000001ff 

3
15
	 -0.0370  -0.2476   0.6209   0.5402   0.2498  -0.9683  -0.2305
	 -0.0564  -0.0296   0.6656   0.4927  -0.0456  -0.9990  -0.0321
	 -0.1514   0.0619   0.1543   0.5831   0.4985  -0.8669   0.1291
	  0.3148  -0.1195   0.1906   0.6150   0.6615  -0.7500  -0.2978
	  0.0413   0.1362   0.3717   0.5720   0.4369  -0.8995   0.1045
	  0.0521   0.2958   0.2620   0.4522  -0.2960  -0.9552   0.2980
	  0.2198   0.2468   0.1086   0.7228   0.9855  -0.1698  -0.1747
	 -0.1320  -0.2447   0.4699   0.0446   0.2766  -0.9610  -0.1987
	  0.0846   0.0061   0.5630   0.9748  -0.1575  -0.9875   0.0193
	  0.1945  -0.1183   0.2383   0.1039   0.6076  -0.7942  -0.2121
	  0.0676   0.2073   0.1993   0.0863   0.5160  -0.8566   0.1427
	  0.0535   0.3125   0.3714   0.9810  -0.1192  -0.9929   0.3167
	 -0.1503   0.1026   0.3883   0.0702   0.4268  -0.9043   0.1569
	 -0.2561   0.0615   0.3660   0.0576   0.3542  -0.9352   0.1483
	 -0.1673   0.3224   0.0700   0.1466   0.7961  -0.6051   0.3283
1 1
00007fff 

5
14
	  0.2214   0.2335   0.5974   0.9867  -0.0836  -0.9965   0.2512
	 -0.1702   0.0982   0.1634   0.2493   1.0000  -0.0041   0.1706
	 -0.1599   0.2272   0.1144   0.1836   0.9141  -0.4055   0.2383
	 -0.0904   0.2120   0.1430   0.0937   0.5553  -0.8317   0.2265
	  0.0643  -0.1630   0.1310   0.1020   0.5979  -0.8015  -0.1691
	  0.1755  -0.0998   0.1134   0.9364  -0.3893  -0.9211  -0.0236
	 -0.0299  -0.0165   0.2442   0.8610  -0.7665  -0.6423  -0.0335
	 -0.1832  -0.2352   0.3701   0.0202   0.1269  -0.9919  -0.2100
	  0.2317   0.2048   0.5678   0.5015   0.0097  -1.0000   0.2025
	 -0.0832   0.1488   0.1278   0.6667   0.8661  -0.4999   0.1464
	  0.1501  -0.1832   0.1296   0.6152   0.6625  -0.7491  -0.2366
	 -0.1456  -0.2666   0.4052   0.5253   0.1584  -0.9874  -0.2402
	 -0.0744  -0.0757   0.2626   0.4028  -0.5737  -0.8191  -0.1047
	 -0.3678  -0.2782   0.0715   0.3568  -0.7834  -0.6216  -0.4611
1 1
00003fff 

7
8
	  0.1371  -0.0519   0.6923   0.6226   0.6966  -0.7175  -0.1327
	 -0.0430   0.1884   0.6008   0.4955  -0.0282  -0.9996   0.1871
	 -0.1741  -0.3191   0.0790   0.7148   0.9757  -0.2191   0.1000
	 -0.1648  -0.3773   0.1086   0.4923  -0.0481  -0.9988  -0.3847
	 -0.2290  -0.3209   0.0823   0.2978  -0.9553  -0.2958  -0.3137
	 -0.4231   0.2186   0.0337   0.2559  -0.9993  -0.0369  -0.4147
	  0.0306  -0.0673   0.6651   0.1186   0.6783  -0.7348  -0.0702
	  0.0452   0.2225   0.7030   0.9898  -0.0641  -0.9979   0.2249
1 1
000000ff 

9
20
	 -0.0369  -0.4208   0.1328   0.5363   0.2260  -0.9741  -0.4016
	  0.0267  -0.3244   0.1625   0.7560  -0.9993  -0.0375   0.0145
	  0.2350  -0.0285   0.5958   0.6291   0.7253  -0.6885  -0.1900
	 -0.0261   0.2401   0.1247   0.5016   0.0103  -0.9999   0.2403
	  0.0723   0.2050   0.1177   0.3956  -0.6099  -0.7925   0.2066
	 -0.3537   0.0621   0.1536   0.3761  -0.7021  -0.7121  -0.2041
	 -0.0763   0.0379   0.4338   0.5170   0.1068  -0.9943   0.0458
	 -0.1658   0.1986   0.1959   0.5694   0.4221  -0.9065   0.2500
	 -0.2764   0.1749   0.1126   0.6235   0.7005  -0.7137   0.3185
	 -0.2883   0.0963   0.0496   0.7397   0.9979  -0.0644   0.2939
	 -0.1321  -0.3544   0.1133   0.2362   0.9962  -0.0866   0.1010
	  0.0312  -0.1278   0.4579   0.1561   0.8311  -0.5561  -0.0970
	 -0.3391   0.1760   0.2090   0.1084   0.6295  -0.7770   0.3502
	 -0.2218   0.2339   0.2003   0.0448   0.2775  -0.9607   0.2862
	 -0.2650   0.0602   0.0803   0.9182  -0.4917  -0.8708  -0.0779
	  0.3414   0.1851   0.2144   0.0143   0.0900  -0.9959   0.1536
	  0.1537   0.2141   0.1310   0.8794  -0.6875  -0.7262   0.2612
	 -0.0449   0.2570   0.2939   0.0003   0.0021  -1.0000   0.2571
	 -0.0445   0.0762   0.3445   0.0301   0.1879  -0.9822   0.0832
	  0.0734   0.1158   0.2707   0.0556   0.3424  -0.9395   0.0836
1 1
000fffff 

2
16
	 -0.4001  -0.2077   0.0824   0.2903  -0.9681  -0.2505  -0.4394
	 -0.1099  -0.0028   0.6805   0.0903   0.5372  -0.8435   0.0567
	  0.0958  -0.1368   0.5731   0.0262   0.1637  -0.9865  -0.1506
	 -0.1867   0.3464   0.0696   0.2497   1.0000  -0.0019   0.1873
	  0.0446   0.2518   0.3765   0.4671  -0.2055  -0.9786   0.2556
	 -0.0600   0.2436   0.3080   0.4148  -0.5099  -0.8602   0.1790
	 -0.1725   0.3955   0.0717   0.9910  -0.0564  -0.9984   0.3851
	 -0.0130   0.3137   0.3197   0.8977  -0.5992  -0.8006   0.2433
	  0.0624   0.2985   0.3554   0.9655  -0.2152  -0.9766   0.3050
	 -0.2373  -0.1368   0.0723   0.7341   0.9950  -0.0998   0.2225
	 -0.2381  -0.2128   0.2403   0.4893  -0.0673  -0.9977  -0.2283
	  0.0053   0.0081   0.5285   0.5871   0.5205  -0.8539   0.0041
	  0.0556  -0.1858   0.6703   0.5201   0.1259  -0.9920  -0.1914
	  0.4154  -0.0994   0.0461   0.8433  -0.8329  -0.5535   0.2910
	  0.1793   0.1113   0.1291   0.6821   0.9104  -0.4138  -0.1172
	  0.2618   0.2368   0.1109   0.8592  -0.7738  -0.6334   0.3526
1 1
0000ffff 

4
19
	 -0.2369  -0.0696   0.1433   0.8698  -0.7298  -0.6837  -0.2205
	 -0.1164  -0.1291   0.2641   0.0107   0.0670  -0.9978  -0.1210
	 -0.1769   0.1658   0.6106   0.1397   0.7693  -0.6389   0.2420
	  0.1021   0.0903   0.2587   0.1940   0.9387  -0.3447  -0.0647
	  0.0573   0.0102   0.2915   0.1982   0.9475  -0.3197  -0.0511
	 -0.0131  -0.2805   0.1940   0.2466   0.9998  -0.0211   0.0072
	  0.0156  -0.3677   0.1069   0.4109  -0.5311  -0.8473  -0.3033
	 -0.1937  -0.1890   0.2718   0.4818  -0.1142  -0.9935  -0.2099
	 -0.3569  -0.1193   0.1139   0.3326  -0.8683  -0.4961  -0.3691
	  0.3951  -0.0306   0.0985   0.8835  -0.6685  -0.7437   0.2414
	  0.2629  -0.0603   0.2613   0.0687   0.4186  -0.9082  -0.1649
	  0.1572   0.0462   0.3192   0.7037   0.9580  -0.2868  -0.1374
	  0.2493  -0.1319   0.2968   0.5339   0.2115  -0.9774  -0.1817
	  0.4154  -0.0902   0.1201   0.6359   0.7539  -0.6570  -0.3724
	  0.0808  -0.2858   0.1880   0.6695   0.8749  -0.4844  -0.2091
	 -0.1062   0.1549   0.6206   0.6303   0.7305  -0.6829   0.1833
	 -0.0355   0.3528   0.1876   0.0259   0.1619  -0.9868   0.3539
	  0.1948   0.4497   0.0706   0.9499  -0.3094  -0.9509   0.4879
	  0.2100   0.2274   0.0865   0.9367  -0.3874  -0.9219   0.2910
1 1
0007ffff 

6
19
	  0.2773   0.4009   0.1609   0.0029   0.0180  -0.9998   0.3958
	 -0.2157  -0.2199   0.0753   0.8814  -0.6780  -0.7351  -0.3079
	 -0.1969  -0.1246   0.0582   0.9383  -0.3778  -0.9259  -0.1898
	 -0.0916  -0.2351   0.2072   0.0173   0.1084  -0.9941  -0.2238
	  0.0342  -0.2055   0.1414   0.0667   0.4072  -0.9134  -0.2017
	 -0.0732   0.1413   0.7553   0.1184   0.6774  -0.7356   0.1535
	  0.0631   0.0230   0.3218   0.9859  -0.0883  -0.9961   0.0285
	  0.1671  -0.1406   0.1989   0.0917   0.5447  -0.8386  -0.2089
	  0.2896  -0.0350   0.1512   0.8767  -0.6996  -0.7145   0.1776
	 -0.2005  -0.1066   0.0698   0.6371   0.7586  -0.6515   0.0826
	 -0.2489  -0.1701   0.0490   0.7462   0.9997  -0.0240   0.2447
	 -0.1116  -0.2906   0.2580   0.5037   0.0230  -0.9997  -0.2880
	 -0.2235  -0.1703   0.0552   0.4885  -0.0724  -0.9974  -0.1860
	 -0.0927  -0.2483   0.4362   0.5330   0.2056  -0.9786  -0.2240
	 -0.3228  -0.2326   0.1503   0.3659  -0.7465  -0.6654  -0.3957
	  0.0890   0.2106   0.5419   0.6179   0.6747  -0.7381   0.0954
	  0.2388  -0.1599   0.2596   0.5934   0.5540  -0.8325  -0.2654
	  0.0338  -0.0253   0.2800   0.4971  -0.0182  -0.9998  -0.0247
	  0.2124  -0.0471   0.1102   0.3800  -0.6847  -0.7289   0.1111
1 1
0007ffff 

8
33
	 -0.2033  -0.1208   0.2746   0.1329   0.7413  -0.6711   0.0696
	  0.0517  -0.2519   0.2506   0.0207   0.1299  -0.9915  -0.2565
	 -0.1312  -0.2523   0.1243   0.9551  -0.2787  -0.9604  -0.2788
	  0.1780  -0.0791   0.2272   0.9296  -0.4283  -0.9036   0.0047
	  0.3156   0.1511   0.2228   0.0154   0.0967  -0.9953   0.1199
	 -0.2721   0.2403   0.2060   0.1284   0.7219  -0.6920   0.3627
	 -0.1274   0.3209   0.1546   0.0196   0.1228  -0.9924   0.3341
	  0.0170   0.3205   0.1305   0.9910  -0.0562  -0.9984   0.3209
	  0.0188   0.0625   0.1476   0.1019   0.5974  -0.8019   0.0389
	 -0.0949   0.0148   0.1295   0.9466  -0.3295  -0.9442  -0.0173
	 -0.1760   0.0839   0.1813   0.8983  -0.5962  -0.8028  -0.0376
	  0.1478   0.2352   0.2154   0.8410  -0.8408  -0.5413   0.2515
	  0.1045   0.1923   0.1062   0.2907  -0.9675  -0.2527   0.1497
	  0.0295   0.2623   0.1187   0.4256  -0.4507  -0.8927   0.2475
	 -0.2119   0.0426   0.2379   0.4145  -0.5117  -0.8592  -0.0718
	 -0.2431   0.1676   0.0650   0.7675  -0.9939  -0.1100  -0.2232
	 -0.1997   0.2317   0.1101   0.5931   0.5521  -0.8338   0.3035
	 -0.0804   0.2778   0.1122   0.5219   0.1374  -0.9905   0.2862
	  0.0827  -0.2987   0.3421   0.5265   0.1660  -0.9861  -0.3083
	  0.2892  -0.2338   0.1119   0.6118   0.6461  -0.7633  -0.3653
	  0.2153  -0.1009   0.0839   0.3587  -0.7756  -0.6312   0.1033
	  0.1056  -0.1108   0.1906   0.4494  -0.3127  -0.9499  -0.0723
	  0.2431  -0.1637   0.0381   0.2471   0.9998  -0.0181  -0.2461
	  0.1925  -0.2120   0.1116   0.1005   0.5905  -0.8071  -0.2847
	  0.1862   0.0186   0.1594   0.5550   0.3386  -0.9409  -0.0456
	  0.3176   0.0949   0.2418   0.5391   0.2430  -0.9700   0.0149
	  0.4090   0.1370   0.0824   0.6504   0.8104  -0.5858  -0.2512
	  0.1283   0.0551   0.1432   0.6530   0.8198  -0.5726  -0.0737
	 -0.1300  -0.3014   0.2142   0.4882  -0.0739  -0.9973  -0.3102
	 -0.2193  -0.3038   0.1692   0.4493  -0.3129  -0.9498  -0.3572
	 -0.2693  -0.2517   0.0929   0.2990  -0.9530  -0.3031  -0.3329
	 -0.1903  -0.2101   0.0753   0.7325   0.9939  -0.1099   0.1661
	 -0.1059  -0.1286   0.1826   0.6032   0.6041  -0.7969  -0.0385
1 2
ffffffff 00000001 

0
19
	 -0.1503  -0.3440   0.0965   0.4884  -0.0726  -0.9974  -0.3540
	 -0.2576   0.0108   0.3220   0.1882   0.9255  -0.3788   0.2425
	 -0.1790  -0.2443   0.0977   0.8971  -0.6026  -0.7980  -0.3028
	 -0.0910  -0.2746   0.0924   0.0097   0.0612  -0.9981  -0.2685
	 -0.2058  -0.1110   0.2028   0.7371   0.9967  -0.0809   0.1962
	  0.3701   0.0880   0.1178   0.6724   0.8834  -0.4686  -0.2857
	  0.3530   0.1435   0.1581   0.7994  -0.9522  -0.3054   0.3800
	  0.2865   0.2452   0.1171   0.9534  -0.2886  -0.9575   0.3174
	 -0.1365   0.2580   0.2417   0.1261   0.7118  -0.7024   0.2784
	  0.0483   0.2643   0.2800   0.0172   0.1081  -0.9941   0.2575
	  0.1750   0.2347   0.1346   0.0115   0.0722  -0.9974   0.2215
	 -0.0323   0.3545   0.0811   0.9880  -0.0753  -0.9972   0.3510
	  0.1054  -0.0918   0.5177   0.1295   0.7269  -0.6867  -0.1396
	  0.1467  -0.1511   0.5413   0.6228   0.6974  -0.7167  -0.2106
	 -0.0307   0.2989   0.1314   0.6218   0.6929  -0.7211   0.2368
	 -0.1259   0.0784   0.2850   0.6668   0.8664  -0.4993   0.1482
	  0.2659   0.1232   0.1342   0.3144  -0.9193  -0.3937   0.2929
	  0.0666   0.1750   0.2537   0.5114   0.0719  -0.9974   0.1698
	  0.2127   0.1646   0.1659   0.4668  -0.2068  -0.9784   0.2050
1 1
0007ffff 

