4
linear   essential      -0.250000   0.750000
linear   non-essential   0.000000   1.000000
linear   essential       0.000000   1.000000
linear   essential       0.000000   1.000000

1 1
significant   elliptical     6
	  0.210323  0.118357  0.148425  0.043424
	  0.004361  0.000100  0.001006  0.000201

3 6
significant   elliptical     1
	  0.256562  0.260309  0.221884  0.086592
	  0.000100  0.000100  0.000100  0.000100
significant   elliptical     1
	  0.282479  0.300542  0.272253  0.093292
	  0.000100  0.000100  0.000100  0.000100
significant   elliptical     1
	  0.331969  0.234541  0.174521  0.075316
	  0.000100  0.000100  0.000100  0.000100
significant   elliptical     1
	  0.138840  0.234861  0.185205  0.068605
	  0.000100  0.000100  0.000100  0.000100
significant   elliptical     1
	  0.171166  0.254502  0.223773  0.076624
	  0.000100  0.000100  0.000100  0.000100
significant   elliptical     1
	  0.200238  0.214386  0.174755  0.062448
	  0.000100  0.000100  0.000100  0.000100

5 4
significant   elliptical     1
	  0.213800  0.216662  0.180569  0.109445
	  0.000100  0.000100  0.000100  0.000100
significant   elliptical     1
	  0.182735  0.241802  0.198263  0.095710
	  0.000100  0.000100  0.000100  0.000100
significant   elliptical     1
	  0.247221  0.178087  0.148914  0.101033
	  0.000100  0.000100  0.000100  0.000100
significant   elliptical     3
	  0.337337  0.253021  0.216180  0.130714
	  0.000100  0.000100  0.000398  0.000100

7 4
significant   elliptical     3
	  0.303253  0.225627  0.240645  0.082278
	  0.000313  0.000100  0.000341  0.000100
significant   elliptical     1
	  0.335837  0.304287  0.308172  0.133357
	  0.000100  0.000100  0.000100  0.000100
significant   elliptical     1
	  0.300866  0.143577  0.140676  0.052688
	  0.000100  0.000100  0.000100  0.000100
significant   elliptical     1
	  0.181927  0.208813  0.201293  0.083684
	  0.000100  0.000100  0.000100  0.000100

9 1
significant   elliptical     6
	  0.260438  0.283106  0.225706  0.082400
	  0.002301  0.001059  0.001669  0.000176

2 1
significant   elliptical     6
	  0.203412  0.203008  0.136317  0.097595
	  0.001727  0.000167  0.000365  0.000101

4 1
significant   elliptical     6
	  0.220826  0.294596  0.159995  0.111484
	  0.006262  0.001385  0.000701  0.000193

6 1
significant   elliptical     6
	  0.239450  0.260504  0.197529  0.094096
	  0.004147  0.001526  0.001294  0.000162

8 6
significant   elliptical     1
	  0.308123  0.356808  0.195116  0.120108
	  0.000100  0.000100  0.000100  0.000100
significant   elliptical     1
	  0.296990  0.280006  0.168098  0.108219
	  0.000100  0.000100  0.000100  0.000100
significant   elliptical     1
	  0.327787  0.266555  0.142843  0.094103
	  0.000100  0.000100  0.000100  0.000100
significant   elliptical     1
	  0.302538  0.210628  0.108143  0.054394
	  0.000100  0.000100  0.000100  0.000100
significant   elliptical     1
	  0.236743  0.261003  0.134595  0.093208
	  0.000100  0.000100  0.000100  0.000100
significant   elliptical     1
	  0.195360  0.226032  0.114655  0.086947
	  0.000100  0.000100  0.000100  0.000100

0 4
significant   elliptical     1
	  0.148184  0.111361  0.076554  0.074369
	  0.000100  0.000100  0.000100  0.000100
significant   elliptical     1
	  0.175850  0.173785  0.095107  0.064809
	  0.000100  0.000100  0.000100  0.000100
significant   elliptical     1
	  0.184634  0.206331  0.106090  0.107092
	  0.000100  0.000100  0.000100  0.000100
significant   elliptical     2
	  0.258120  0.275017  0.153369  0.115603
	  0.000100  0.000224  0.000100  0.000100
