2
16
	  0.0944  -0.0455   0.3722   0.5985   0.5802  -0.8145  -0.0919
	 -0.0081  -0.2434   0.7835   0.5005   0.0034  -1.0000  -0.2434
	 -0.0668  -0.1450   0.1848   0.5490   0.3032  -0.9529  -0.1179
	  0.3841  -0.2111   0.0432   0.7444   0.9994  -0.0351  -0.3913
	  0.0538   0.0184   0.3009   0.1077   0.6260  -0.7798  -0.0193
	  0.1226  -0.1825   0.5318   0.9992  -0.0053  -1.0000  -0.1819
	  0.1701   0.2511   0.1759   0.9004  -0.5856  -0.8106   0.3031
	  0.2424   0.1467   0.1698   0.7550  -0.9995  -0.0315   0.2469
	 -0.1422   0.2460   0.3871   0.5144   0.0903  -0.9959   0.2578
	  0.1372   0.1165   0.0954   0.2466   0.9998  -0.0216  -0.1347
	  0.0846   0.2046   0.1860   0.3802  -0.6837  -0.7298   0.2072
	 -0.3312   0.2619   0.0636   0.2389   0.9976  -0.0695   0.3486
	 -0.0926   0.2944   0.4730   0.0059   0.0368  -0.9993   0.2976
	 -0.3988  -0.2234   0.0528   0.2551  -0.9995  -0.0321  -0.4057
	 -0.2435  -0.1292   0.2840   0.0594   0.3644  -0.9312  -0.0316
	 -0.1277  -0.0639   0.5047   0.0856   0.5121  -0.8589   0.0105
1 1
0000ffff 

3
20
	 -0.1376  -0.0512   0.5317   0.4811  -0.1183  -0.9930  -0.0672
	 -0.1465  -0.2882   0.5694   0.5155   0.0970  -0.9953  -0.2727
	  0.1597  -0.2374   0.1522   0.5844   0.5057  -0.8627  -0.2856
	  0.2419  -0.1265   0.1697   0.7400   0.9980  -0.0629  -0.2493
	  0.2580   0.1978   0.1593   0.7592  -0.9983  -0.0578   0.2690
	 -0.0712   0.2726   0.3569   0.4944  -0.0352  -0.9994   0.2699
	  0.1315   0.2503   0.1451   0.4447  -0.3405  -0.9402   0.2801
	  0.0757   0.0512   0.3084   0.5360   0.2242  -0.9745   0.0329
	  0.1667   0.0794   0.1975   0.5756   0.4575  -0.8892  -0.0057
	 -0.4291  -0.2953   0.0377   0.2363   0.9963  -0.0859   0.4022
	 -0.3922   0.0005   0.0453   0.2005   0.9520  -0.3062   0.3735
	 -0.1883  -0.2524   0.4788   0.0091   0.0573  -0.9984  -0.2412
	 -0.2502   0.2956   0.0399   0.2292   0.9915  -0.1304   0.2866
	  0.0966  -0.1677   0.1563   0.1348   0.7491  -0.6625  -0.1834
	  0.0517   0.0015   0.2577   0.9793  -0.1295  -0.9916   0.0082
	 -0.1465   0.0626   0.4784   0.0291   0.1820  -0.9833   0.0882
	  0.1567  -0.0246   0.2061   0.9525  -0.2941  -0.9558   0.0226
	  0.1556   0.1788   0.1133   0.2088   0.9667  -0.2559  -0.1047
	 -0.0630   0.3029   0.4319   0.9894  -0.0667  -0.9978   0.2980
	  0.1381   0.2958   0.2465   0.9745  -0.1593  -0.9872   0.3140
1 1
000fffff 

4
16
	  0.2805  -0.0296   0.2511   0.9845  -0.0975  -0.9952  -0.0021
	  0.4082  -0.0692   0.0579   0.7540  -0.9997  -0.0253   0.4063
	 -0.1057  -0.0076   0.3623   0.9945  -0.0347  -0.9994  -0.0113
	 -0.2013   0.2113   0.4997   0.1161   0.6664  -0.7456   0.2917
	  0.1008   0.1146   0.2571   0.2212   0.9837  -0.1799  -0.0785
	  0.1791   0.2279   0.0869   0.0029   0.0185  -0.9998   0.2246
	  0.0931   0.3437   0.0950   0.0089   0.0558  -0.9984   0.3380
	  0.1901   0.1234   0.2261   0.7337   0.9948  -0.1021  -0.1766
	 -0.1243   0.1746   0.4382   0.6074   0.6250  -0.7806   0.2140
	  0.0193   0.2967   0.2016   0.7069   0.9636  -0.2673   0.0607
	 -0.3902   0.0251   0.1623   0.2164   0.9778  -0.2098   0.3868
	 -0.1705  -0.0776   0.4461   0.4915  -0.0534  -0.9986  -0.0866
	  0.0432  -0.2408   0.3141   0.2426   0.9989  -0.0464  -0.0543
	  0.2768  -0.0962   0.2648   0.5042   0.0262  -0.9997  -0.1034
	  0.0703  -0.4176   0.1024   0.5344   0.2144  -0.9768  -0.4230
	  0.1303  -0.2476   0.3126   0.7351   0.9956  -0.0933  -0.1528
1 1
0000ffff 

5
18
	  0.1012   0.2239   0.4379   0.4960  -0.0249  -0.9997   0.2263
	 -0.1532   0.1332   0.1815   0.7230   0.9857  -0.1686   0.1734
	 -0.0099  -0.2909   0.5487   0.5185   0.1160  -0.9932  -0.2878
	 -0.0617  -0.0228   0.3698   0.4932  -0.0428  -0.9991  -0.0254
	 -0.2824   0.0088   0.1182   0.5322   0.2012  -0.9796   0.0654
	  0.0739   0.2770   0.5057   0.9932  -0.0429  -0.9991   0.2799
	  0.0078   0.0355   0.3635   0.9897  -0.0647  -0.9979   0.0359
	  0.2847  -0.1403   0.1852   0.7337   0.9948  -0.1021  -0.2975
	  0.2185  -0.0295   0.1590   0.8987  -0.5946  -0.8040   0.1062
	  0.3223   0.2450   0.0538   0.7203   0.9827  -0.1853  -0.2713
	 -0.2377   0.2731   0.1172   0.9724  -0.1725  -0.9850   0.2280
	 -0.3003   0.1617   0.2645   0.2477   0.9999  -0.0142   0.3026
	 -0.2516   0.0163   0.1310   0.2259   0.9885  -0.1509   0.2512
	 -0.0638  -0.2410   0.4624   0.0320   0.2000  -0.9798  -0.2234
	 -0.2877  -0.3046   0.0505   0.2692  -0.9927  -0.1202  -0.3223
	  0.1576  -0.1551   0.1182   0.1184   0.6774  -0.7356  -0.2209
	  0.1356  -0.0907   0.1569   0.3730  -0.7160  -0.6981   0.0337
	  0.2224  -0.1166   0.1003   0.2590  -0.9984  -0.0563   0.2154
1 1
0003ffff 

6
20
	 -0.2073  -0.1182   0.1315   0.7764  -0.9862  -0.1653  -0.2240
	 -0.1664  -0.0311   0.1361   0.5985   0.5802  -0.8145   0.0712
	 -0.0646  -0.2751   0.3131   0.4895  -0.0660  -0.9978  -0.2787
	 -0.2714  -0.2598   0.0430   0.4321  -0.4139  -0.9103  -0.3488
	  0.0272  -0.0081   0.3196   0.4858  -0.0892  -0.9960  -0.0057
	  0.1817  -0.0225   0.1067   0.4663  -0.2104  -0.9776   0.0162
	  0.2137  -0.2581   0.1956   0.5257   0.1605  -0.9870  -0.2891
	  0.2804  -0.2383   0.1351   0.5854   0.5110  -0.8596  -0.3481
	 -0.2936  -0.0692   0.3398   0.2504  -1.0000  -0.0026  -0.2937
	  0.1210   0.3011   0.1439   0.5593   0.3640  -0.9314   0.2364
	 -0.0469   0.2078   0.3895   0.6239   0.7022  -0.7120   0.1809
	  0.3538  -0.1097   0.1861   0.7546  -0.9996  -0.0286   0.3505
	  0.3334   0.0190   0.1319   0.8282  -0.8817  -0.4719   0.3029
	 -0.0633  -0.2171   0.2537   0.9768  -0.1453  -0.9894  -0.2240
	  0.2530  -0.1642   0.1346   0.1094   0.6343  -0.7731  -0.2874
	  0.1495  -0.1870   0.1734   0.0766   0.4629  -0.8864  -0.2349
	  0.1884   0.0577   0.3015   0.9951  -0.0311  -0.9995   0.0636
	 -0.0019   0.0226   0.3845   0.9812  -0.1175  -0.9931   0.0222
	  0.1035   0.4024   0.1285   0.0259   0.1617  -0.9868   0.3804
	 -0.1435   0.2370   0.3879   0.1266   0.7144  -0.6998   0.2683
1 1
000fffff 

7
10
	  0.2359   0.0788   0.2812   0.7094   0.9677  -0.2522  -0.2084
	 -0.0266  -0.3727   0.1106   0.5029   0.0180  -0.9998  -0.3722
	  0.0898  -0.3240   0.1172   0.6685   0.8719  -0.4897  -0.2370
	  0.1440  -0.1551   0.3719   0.6880   0.9251  -0.3798  -0.1921
	 -0.0730  -0.3159   0.1228   0.2214   0.9840  -0.1784   0.0155
	  0.0381  -0.1079   0.3593   0.1906   0.9311  -0.3648  -0.0748
	  0.0896   0.0548   0.2579   0.1823   0.9110  -0.4125  -0.0591
	 -0.1057   0.2114   0.7953   0.0005   0.0029  -1.0000   0.2117
	 -0.5054   0.2094   0.0428   0.2471   0.9998  -0.0180   0.5091
	 -0.1695   0.1673   0.6799   0.4941  -0.0368  -0.9993   0.1609
1 1
000003ff 

8
35
	  0.1904  -0.0342   0.0864   0.8510  -0.8052  -0.5930   0.1330
	  0.1777  -0.0054   0.1039   0.9469  -0.3274  -0.9449   0.0531
	  0.2540  -0.1311   0.1965   0.7563  -0.9992  -0.0397   0.2486
	  0.2218   0.0385   0.1743   0.5484   0.2994  -0.9541  -0.0297
	  0.3238   0.0919   0.0838   0.5964   0.5695  -0.8220  -0.1089
	  0.3624   0.1747   0.1046   0.7364   0.9963  -0.0854  -0.3461
	  0.0182  -0.3055   0.2965   0.5136   0.0853  -0.9964  -0.3059
	 -0.1894  -0.3016   0.2211   0.4972  -0.0175  -0.9998  -0.3048
	 -0.0942  -0.1127   0.3618   0.5983   0.5792  -0.8152  -0.0373
	 -0.1824  -0.1353   0.0983   0.5845   0.5064  -0.8623  -0.0243
	 -0.1662   0.0356   0.1797   0.4443  -0.3428  -0.9394  -0.0235
	  0.1182  -0.0460   0.0939   0.4274  -0.4406  -0.8977   0.0108
	  0.1738  -0.1354   0.1167   0.2415   0.9986  -0.0536  -0.1808
	  0.2145  -0.2533   0.1683   0.5796   0.4795  -0.8775  -0.3251
	 -0.2508   0.1880   0.1467   0.2621  -0.9971  -0.0757  -0.2358
	 -0.2251   0.2095   0.1322   0.6438   0.7855  -0.6188   0.3065
	 -0.1182   0.2519   0.1339   0.5942   0.5580  -0.8298   0.2750
	  0.2219   0.2084   0.1447   0.4090  -0.5411  -0.8409   0.2953
	  0.0519   0.2564   0.2426   0.4783  -0.1362  -0.9907   0.2610
	  0.0271  -0.2562   0.2064   0.0284   0.1774  -0.9841  -0.2570
	  0.1490  -0.2119   0.1096   0.0897   0.5340  -0.8455  -0.2587
	 -0.1729  -0.0574   0.3319   0.0742   0.4495  -0.8933   0.0265
	 -0.1189  -0.2593   0.2046   0.9985  -0.0093  -1.0000  -0.2604
	 -0.2188  -0.2341   0.0622   0.8631  -0.7580  -0.6522  -0.3186
	 -0.2812  -0.1920   0.1640   0.2589  -0.9984  -0.0559  -0.2915
	 -0.3579  -0.2749   0.1033   0.3231  -0.8964  -0.4431  -0.4426
	 -0.1437   0.1043   0.2050   0.9083  -0.5447  -0.8386   0.0092
	 -0.0273   0.0608   0.1254   0.9723  -0.1735  -0.9848   0.0552
	 -0.1743   0.2897   0.0723   0.1073   0.6242  -0.7812   0.3351
	  0.0389   0.3129   0.2930   0.9938  -0.0388  -0.9992   0.3142
	 -0.1341   0.2987   0.1299   0.9959  -0.0258  -0.9997   0.2951
	  0.1613   0.0934   0.2655   0.0639   0.3908  -0.9205   0.0230
	  0.2371   0.1758   0.0940   0.1648   0.8600  -0.5102  -0.1142
	  0.1768   0.2668   0.3072   0.9391  -0.3734  -0.9277   0.3136
	  0.2991   0.2294   0.1916   0.9204  -0.4794  -0.8776   0.3447
1 2
ffffffff 00000007 

9
21
	 -0.3258   0.2257   0.1652   0.1160   0.6662  -0.7458   0.3854
	 -0.3907   0.0945   0.1346   0.2478   0.9999  -0.0135   0.3919
	  0.1785   0.1552   0.0531   0.2472   0.9998  -0.0174  -0.1758
	  0.1228   0.0933   0.2028   0.0996   0.5857  -0.8106   0.0037
	  0.2225   0.2246   0.2157   0.9817  -0.1145  -0.9934   0.2486
	 -0.2039   0.2648   0.1633   0.0155   0.0971  -0.9953   0.2833
	 -0.0285   0.2643   0.3646   0.0016   0.0103  -0.9999   0.2646
	 -0.2515   0.0413   0.1097   0.9123  -0.5235  -0.8520  -0.0965
	 -0.1438  -0.0122   0.1575   0.9612  -0.2413  -0.9704  -0.0465
	 -0.0725  -0.0087   0.1652   0.0247   0.1544  -0.9880   0.0026
	  0.0319   0.0376   0.0794   0.0823   0.4945  -0.8692   0.0169
	 -0.0601  -0.3710   0.1094   0.2522  -0.9999  -0.0138  -0.0652
	  0.0729  -0.2033   0.3976   0.2070   0.9636  -0.2672  -0.1246
	  0.0689  -0.4375   0.1036   0.5273   0.1705  -0.9854  -0.4429
	 -0.0271   0.2219   0.2750   0.4993  -0.0043  -1.0000   0.2218
	  0.1265   0.2015   0.2044   0.4723  -0.1731  -0.9849   0.2204
	  0.0675  -0.0294   0.1711   0.5841   0.5042  -0.8636  -0.0594
	 -0.0687  -0.0499   0.2530   0.4968  -0.0204  -0.9998  -0.0513
	 -0.2272   0.1546   0.1892   0.6301   0.7293  -0.6842   0.2715
	 -0.3232  -0.0095   0.1553   0.4215  -0.4734  -0.8809  -0.1613
	  0.2094  -0.1283   0.6358   0.7083   0.9659  -0.2588  -0.2354
1 1
001fffff 

0
20
	  0.0157   0.2483   0.1725   0.4803  -0.1235  -0.9923   0.2484
	  0.1728   0.1565   0.2037   0.3725  -0.7179  -0.6961   0.2330
	  0.2390   0.0089   0.1459   0.2469   0.9998  -0.0198  -0.2388
	  0.3084  -0.0063   0.3115   0.7386   0.9974  -0.0718  -0.3080
	  0.2709  -0.2114   0.1622   0.6300   0.7288  -0.6848  -0.3422
	 -0.0952  -0.3048   0.1679   0.4981  -0.0121  -0.9999  -0.3059
	 -0.1989  -0.2539   0.2039   0.4186  -0.4894  -0.8720  -0.3188
	  0.1187  -0.2769   0.2304   0.5437   0.2712  -0.9625  -0.2987
	 -0.1284   0.1536   0.1986   0.6326   0.7400  -0.6726   0.1983
	 -0.2137  -0.0912   0.1495   0.7135   0.9738  -0.2276   0.1874
	 -0.1972   0.0208   0.2691   0.7377   0.9970  -0.0774   0.1982
	  0.2344   0.2021   0.2616   0.8618  -0.7631  -0.6463   0.3095
	 -0.0289   0.3252   0.1701   0.9809  -0.1200  -0.9928   0.3194
	 -0.1020   0.3153   0.0874   0.9993  -0.0043  -1.0000   0.3148
	  0.1006   0.3014   0.2275   0.9746  -0.1591  -0.9873   0.3135
	  0.1599  -0.1389   0.2153   0.1286   0.7231  -0.6907  -0.2116
	 -0.1426  -0.2012   0.1609   0.9084  -0.5440  -0.8391  -0.2464
	  0.0075  -0.2326   0.1653   0.0254   0.1587  -0.9873  -0.2308
	 -0.2789  -0.0417   0.3708   0.2402   0.9981  -0.0618   0.2758
	 -0.2058   0.2315   0.2308   0.1461   0.7944  -0.6075   0.3041
1 1
000fffff 

1
7
	  0.1966   0.0842   0.6986   0.6218   0.6928  -0.7211  -0.0755
	  0.0135  -0.1714   0.2549   0.7339   0.9949  -0.1009  -0.0307
	 -0.0241   0.1057   0.6533   0.1146   0.6594  -0.7518   0.0953
	  0.3324   0.3194   0.2257   0.9953  -0.0292  -0.9996   0.3290
	 -0.2073  -0.3131   0.2650   0.5129   0.0812  -0.9967  -0.2952
	 -0.2224  -0.1463   0.2298   0.2388   0.9975  -0.0706   0.2115
	 -0.3159  -0.2789   0.1455   0.1671   0.8675  -0.4974   0.1353
1 1
0000007f 

