1
12
	 -0.1640   0.2847   0.3755   0.0306   0.1912  -0.9815   0.3108
	  0.0302   0.3028   0.2222   0.0283   0.1769  -0.9842   0.2927
	 -0.0462   0.0325   0.3964   0.2481   0.9999  -0.0122   0.0466
	 -0.1938   0.2195   0.2989   0.5110   0.0694  -0.9976   0.2324
	 -0.3442   0.2325   0.0660   0.2662  -0.9948  -0.1016  -0.3188
	 -0.2015  -0.1732   0.2964   0.0142   0.0889  -0.9960  -0.1546
	 -0.3458  -0.2200   0.0622   0.2550  -0.9995  -0.0315  -0.3525
	  0.1146  -0.2492   0.6001   0.4887  -0.0706  -0.9975  -0.2405
	 -0.2037  -0.2529   0.3160   0.5014   0.0090  -1.0000  -0.2511
	  0.2739  -0.1773   0.2694   0.9858  -0.0889  -0.9960  -0.1523
	  0.4129  -0.2203   0.0669   0.7646  -0.9958  -0.0914   0.3911
	  0.1350   0.0736   0.4982   0.7424   0.9989  -0.0478  -0.1313
1 1
00000fff 

2
14
	 -0.3701  -0.2280   0.0734   0.2520  -0.9999  -0.0127  -0.3729
	 -0.2686  -0.1394   0.2033   0.0745   0.4512  -0.8924  -0.0032
	  0.0799  -0.1973   0.4343   0.9870  -0.0816  -0.9967  -0.1901
	 -0.0612   0.0117   0.5350   0.0958   0.5660  -0.8244   0.0443
	  0.1493   0.1585   0.0715   0.3326  -0.8683  -0.4960   0.2083
	 -0.0916   0.1876   0.4653   0.4981  -0.0120  -0.9999   0.1865
	 -0.3302   0.2015   0.0545   0.2305   0.9925  -0.1222   0.3524
	 -0.2877   0.2413   0.0963   0.1111   0.6426  -0.7662   0.3698
	 -0.0343   0.2729   0.4525   0.0016   0.0098  -1.0000   0.2732
	  0.2998  -0.2294   0.0572   0.7349   0.9955  -0.0949  -0.3202
	 -0.0358  -0.2640   0.6600   0.4969  -0.0196  -0.9998  -0.2647
	  0.0888  -0.0466   0.5336   0.5916   0.5442  -0.8390  -0.0874
	  0.2020   0.2555   0.2289   0.9515  -0.3000  -0.9539   0.3043
	  0.3049   0.1788   0.0862   0.7845  -0.9766  -0.2150   0.3362
1 1
00003fff 

3
26
	  0.2458   0.0979   0.1424   0.6369   0.7579  -0.6524  -0.1225
	  0.1610   0.0537   0.1530   0.5448   0.2778  -0.9606   0.0068
	  0.2777   0.1835   0.1305   0.7677  -0.9938  -0.1112   0.2964
	  0.1273  -0.2721   0.2861   0.5421   0.2616  -0.9652  -0.2959
	  0.2691  -0.2189   0.1585   0.6191   0.6806  -0.7326  -0.3436
	  0.3259  -0.1234   0.1257   0.7432   0.9991  -0.0430  -0.3309
	  0.0458   0.2225   0.1393   0.4378  -0.3807  -0.9247   0.2232
	  0.1104   0.1595   0.0717   0.2528  -0.9998  -0.0174   0.1131
	 -0.1549  -0.0127   0.1932   0.4833  -0.1050  -0.9945  -0.0289
	 -0.0092  -0.0273   0.0606   0.4676  -0.2019  -0.9794  -0.0286
	  0.1401  -0.1246   0.0808   0.2478   0.9999  -0.0141  -0.1419
	  0.0909  -0.0557   0.1211   0.4335  -0.4060  -0.9139  -0.0140
	 -0.1793   0.2225   0.3076   0.5270   0.1688  -0.9856   0.2495
	 -0.3781  -0.2186   0.0700   0.2369   0.9966  -0.0824   0.3588
	 -0.2038  -0.2704   0.3665   0.4785  -0.1350  -0.9909  -0.2954
	 -0.2487   0.0147   0.0685   0.2560  -0.9993  -0.0376  -0.2480
	 -0.3262   0.2365   0.0722   0.2446   0.9994  -0.0338   0.3340
	 -0.2005  -0.2077   0.3556   0.9642  -0.2232  -0.9748  -0.2473
	  0.1238   0.2767   0.2953   0.9593  -0.2529  -0.9675   0.2990
	 -0.0255   0.0687   0.0735   0.0440   0.2728  -0.9621   0.0730
	  0.0432   0.0902   0.1408   0.0572   0.3515  -0.9362   0.0693
	 -0.1487   0.0496   0.2009   0.9998  -0.0015  -1.0000   0.0494
	 -0.1736   0.2982   0.3086   0.0197   0.1235  -0.9923   0.3174
	  0.2655  -0.0449   0.1561   0.9171  -0.4975  -0.8675   0.0932
	  0.1814   0.0078   0.1736   0.9557  -0.2746  -0.9616   0.0573
	  0.0630  -0.1948   0.1649   0.0571   0.3510  -0.9364  -0.2045
1 1
03ffffff 

4
16
	 -0.1913  -0.1843   0.4365   0.4951  -0.0307  -0.9995  -0.1901
	 -0.1068   0.0866   0.4116   0.6287   0.7232  -0.6907   0.1371
	  0.2045  -0.2841   0.1616   0.7430   0.9990  -0.0438  -0.2168
	  0.2690  -0.1935   0.1431   0.5241   0.1510  -0.9885  -0.2319
	  0.3411  -0.1439   0.0870   0.7491   1.0000  -0.0056  -0.3419
	  0.0437  -0.2670   0.1817   0.2816  -0.9803  -0.1974  -0.0099
	  0.1333  -0.3629   0.1410   0.4978  -0.0139  -0.9999  -0.3611
	  0.2080   0.1606   0.4583   0.7522  -0.9999  -0.0136   0.2102
	 -0.0122   0.3394   0.1312   0.1393   0.7679  -0.6406   0.2268
	  0.1141   0.3846   0.1688   0.0063   0.0397  -0.9992   0.3798
	  0.0517   0.0909   0.3199   0.2674  -0.9940  -0.1090   0.0613
	 -0.2199   0.1137   0.4909   0.1299   0.7283  -0.6852   0.2381
	  0.0403  -0.0716   0.0315  -0.0004  -0.0025  -1.0000  -0.0715
	 -0.1063  -0.0766   0.2674   0.9944  -0.0354  -0.9994  -0.0803
	  0.2670  -0.0825   0.1495   0.9841  -0.1000  -0.9950  -0.0554
	 -0.4011  -0.1256   0.1055   0.2237   0.9864  -0.1647   0.3749
1 1
0000ffff 

5
17
	  0.2587  -0.0039   0.1884   0.9006  -0.5845  -0.8114   0.1481
	  0.3407  -0.1158   0.0966   0.7481   0.9999  -0.0120  -0.3421
	  0.2655  -0.2119   0.1782   0.5999   0.5871  -0.8095  -0.3275
	 -0.0884   0.1427   0.1618   0.7410   0.9984  -0.0563   0.0963
	  0.0460   0.0571   0.2759   0.9818  -0.1144  -0.9934   0.0620
	 -0.0044   0.2867   0.5483   0.9980  -0.0126  -0.9999   0.2866
	  0.0816   0.2195   0.3604   0.5078   0.0492  -0.9988   0.2153
	  0.2729   0.2553   0.0622   0.7644  -0.9959  -0.0906   0.2950
	 -0.2798   0.1431   0.2877   0.2475   0.9999  -0.0159   0.2820
	 -0.0236  -0.0308   0.3387   0.4783  -0.1362  -0.9907  -0.0337
	 -0.1884  -0.0102   0.1870   0.4988  -0.0073  -1.0000  -0.0116
	 -0.1640  -0.2792   0.3154   0.4938  -0.0386  -0.9993  -0.2853
	  0.0166  -0.2716   0.3568   0.5070   0.0438  -0.9990  -0.2720
	  0.1551  -0.1135   0.0941   0.2801  -0.9821  -0.1883   0.1309
	  0.0964  -0.1917   0.1559   0.0798   0.4808  -0.8768  -0.2144
	 -0.3170  -0.2275   0.0604   0.2549  -0.9995  -0.0306  -0.3238
	 -0.1399  -0.2146   0.3478   0.9917  -0.0523  -0.9986  -0.2216
1 1
0001ffff 

6
25
	 -0.1471   0.1001   0.1449   0.6939   0.9385  -0.3454   0.1726
	 -0.1170  -0.0281   0.1572   0.6212   0.6901  -0.7238   0.0604
	 -0.1586  -0.1217   0.0849   0.7710  -0.9913  -0.1315  -0.1732
	  0.1558   0.2544   0.2666   0.5070   0.0442  -0.9990   0.2472
	 -0.0538   0.2160   0.1761   0.5853   0.5109  -0.8597   0.2132
	  0.0220   0.0197   0.1612   0.4968  -0.0202  -0.9998   0.0201
	  0.2448  -0.2502   0.2672   0.5909   0.5408  -0.8412  -0.3428
	  0.3496  -0.1060   0.1281   0.7425   0.9989  -0.0472  -0.3542
	  0.1596  -0.1910   0.1511   0.1167   0.6691  -0.7432  -0.2487
	  0.2016  -0.1198   0.0947   0.2576  -0.9989  -0.0475   0.1957
	  0.1509  -0.0359   0.1466   0.3749  -0.7074  -0.7069   0.0814
	  0.1076  -0.3197   0.0634   0.5125   0.0787  -0.9969  -0.3271
	 -0.0456  -0.3029   0.2813   0.4823  -0.1110  -0.9938  -0.3061
	  0.0364   0.1008   0.1876   0.9970  -0.0190  -0.9998   0.1015
	  0.0074   0.3237   0.2451   0.0143   0.0897  -0.9960   0.3217
	  0.1292   0.3472   0.1831   1.0064   0.0400  -0.9992   0.3418
	  0.3076   0.0096   0.1817   0.8358  -0.8583  -0.5131   0.2690
	  0.2178   0.0626   0.1811   0.9442  -0.3436  -0.9391   0.1336
	  0.2572   0.2970   0.1146   0.8492  -0.8119  -0.5839   0.3822
	 -0.0601  -0.2057   0.2050   0.9251  -0.4536  -0.8912  -0.2106
	  0.0526  -0.2434   0.1528   0.0183   0.1148  -0.9934  -0.2479
	 -0.3168  -0.0724   0.2670   0.2838  -0.9775  -0.2111  -0.3250
	 -0.2102  -0.2346   0.2839   0.3958  -0.6087  -0.7934  -0.3141
	 -0.1146   0.0683   0.1259   0.0804   0.4840  -0.8751   0.1152
	 -0.2201   0.1830   0.3395   0.1398   0.7697  -0.6384   0.2862
1 1
01ffffff 

7
6
	 -0.1561  -0.3663   0.1700   0.4984  -0.0098  -1.0000  -0.3678
	  0.1605  -0.0754   0.7568   0.6484   0.8032  -0.5957  -0.1738
	 -0.1172   0.1457   0.5670   0.4939  -0.0382  -0.9993   0.1411
	 -0.0383  -0.1148   0.6516   0.1548   0.8262  -0.5633  -0.0330
	 -0.0041   0.2261   0.7992   0.0015   0.0096  -1.0000   0.2261
	 -0.4011   0.1921   0.0588   0.2516  -0.9999  -0.0103  -0.3991
1 1
0000003f 

8
30
	 -0.3317  -0.1575   0.1153   0.2532  -0.9998  -0.0202  -0.3348
	 -0.2683  -0.2570   0.1669   0.3854  -0.6595  -0.7517  -0.3701
	  0.1444  -0.0680   0.0631   0.4075  -0.5491  -0.8358   0.0224
	  0.0506  -0.0497   0.2086   0.4519  -0.2976  -0.9547  -0.0324
	  0.1837  -0.1389   0.0770   0.2838  -0.9775  -0.2107   0.1503
	 -0.1501  -0.2970   0.2087   0.4784  -0.1353  -0.9908  -0.3146
	  0.0556  -0.3116   0.3168   0.5182   0.1142  -0.9935  -0.3159
	 -0.2069   0.0627   0.1822   0.4206  -0.4784  -0.8782  -0.0439
	 -0.2761   0.1779   0.1633   0.2463   0.9997  -0.0233   0.2802
	  0.0172   0.2538   0.1655   0.4859  -0.0882  -0.9961   0.2544
	  0.1299   0.1935   0.1101   0.3200  -0.9049  -0.4256   0.1999
	 -0.1170  -0.0704   0.1768   0.6095   0.6350  -0.7726   0.0199
	 -0.1355   0.1672   0.0772   0.7515  -1.0000  -0.0097  -0.1339
	 -0.1054   0.2191   0.1153   0.6186   0.6783  -0.7348   0.2325
	  0.2724  -0.2490   0.1425   0.6114   0.6440  -0.7650  -0.3659
	  0.3407  -0.1433   0.1314   0.7441   0.9993  -0.0368  -0.3458
	  0.2428  -0.0244   0.2065   0.9082  -0.5456  -0.8381   0.1120
	  0.2992   0.1934   0.1360   0.7634  -0.9965  -0.0840   0.3144
	  0.2268   0.0778   0.1765   0.5910   0.5414  -0.8408  -0.0573
	  0.0336  -0.2360   0.1692   0.0311   0.1943  -0.9809  -0.2380
	  0.1390  -0.2032   0.1180   0.0990   0.5828  -0.8126  -0.2461
	 -0.2886  -0.0580   0.1160   0.1285   0.7224  -0.6915   0.1684
	 -0.1913  -0.0053   0.1282   0.0233   0.1461  -0.9893   0.0227
	 -0.1609  -0.1680   0.0883   0.8085  -0.9332  -0.3595  -0.2105
	 -0.0670  -0.2248   0.1576   0.9444  -0.3425  -0.9395  -0.2342
	  0.1670   0.2973   0.2498   0.9438  -0.3459  -0.9383   0.3367
	  0.0654   0.0940   0.1328   0.0684   0.4168  -0.9090   0.0581
	 -0.0794   0.1084   0.1484   0.9079  -0.5470  -0.8371   0.0473
	 -0.1966   0.2863   0.1891   0.0608   0.3731  -0.9278   0.3390
	 -0.0694   0.3211   0.2306   0.9974  -0.0165  -0.9999   0.3199
1 1
3fffffff 

9
23
	  0.0358   0.3168   0.1454   0.9981  -0.0121  -0.9999   0.3172
	 -0.0837   0.3105   0.2595   0.0197   0.1232  -0.9924   0.3184
	 -0.1189   0.0399   0.1725   0.8990  -0.5927  -0.8055  -0.0384
	 -0.1878   0.1236   0.0848   0.7416   0.9986  -0.0525   0.1941
	 -0.1342   0.2028   0.1348   0.5807   0.4855  -0.8743   0.2425
	  0.1092   0.2060   0.1295   0.4003  -0.5863  -0.8101   0.2309
	 -0.0100   0.2347   0.1340   0.5098   0.0616  -0.9981   0.2348
	  0.2723  -0.1832   0.1971   0.6420   0.7784  -0.6277  -0.3269
	  0.1386  -0.2510   0.3399   0.5772   0.4663  -0.8846  -0.2866
	  0.0703  -0.0523   0.1965   0.5256   0.1605  -0.9870  -0.0629
	  0.1481  -0.0429   0.0838   0.5777   0.4692  -0.8831  -0.1074
	  0.3309   0.0256   0.2160   0.7388   0.9975  -0.0704  -0.3283
	  0.2208   0.2260   0.2893   0.8888  -0.6433  -0.7656   0.3150
	 -0.2445   0.2459   0.2129   0.0976   0.5756  -0.8177   0.3418
	 -0.3364   0.1096   0.1393   0.2614  -0.9974  -0.0717  -0.3277
	 -0.2479  -0.0145   0.2017   0.4120  -0.5250  -0.8511  -0.1425
	 -0.0834  -0.0743   0.1799   0.5069   0.0433  -0.9991  -0.0706
	 -0.1218  -0.3228   0.2454   0.4928  -0.0455  -0.9990  -0.3280
	 -0.2661  -0.2777   0.0973   0.3130  -0.9228  -0.3853  -0.3526
	  0.1465   0.1014   0.1461   0.2251   0.9878  -0.1560  -0.1289
	  0.0423   0.0129   0.1955   0.0469   0.2904  -0.9569   0.0001
	  0.0948  -0.1370   0.3047   0.1475   0.7997  -0.6004  -0.1581
	 -0.1460  -0.2403   0.2800   0.9897  -0.0650  -0.9979  -0.2493
1 1
007fffff 

0
18
	 -0.1008  -0.1760   0.1974   0.8732  -0.7150  -0.6991  -0.1951
	 -0.1647   0.0021   0.2333   0.7417   0.9987  -0.0519   0.1646
	 -0.1121   0.1809   0.1723   0.6421   0.7789  -0.6271   0.2008
	 -0.1819   0.2384   0.2413   0.1029   0.6025  -0.7981   0.2998
	 -0.0662   0.3200   0.0280   0.9964  -0.0228  -0.9997   0.3184
	  0.0523   0.3059   0.2186   0.9919  -0.0509  -0.9987   0.3082
	  0.2329   0.1999   0.2414   0.8530  -0.7978  -0.6030   0.3063
	  0.1972  -0.2407   0.2056   0.6092   0.6335  -0.7738  -0.3112
	  0.2924  -0.0334   0.2892   0.7401   0.9980  -0.0624  -0.2939
	 -0.0027   0.2384   0.1131   0.4867  -0.0836  -0.9965   0.2374
	  0.1069   0.1828   0.1695   0.3746  -0.7088  -0.7054   0.2048
	 -0.2753  -0.0081   0.3425   0.2580  -0.9988  -0.0500  -0.2754
	 -0.0714  -0.3127   0.0883   0.5006   0.0038  -1.0000  -0.3125
	  0.0509  -0.3055   0.1482   0.5155   0.0975  -0.9952  -0.3090
	 -0.1958  -0.2489   0.2150   0.3967  -0.6046  -0.7966  -0.3167
	  0.1629  -0.0036   0.2453   0.2512  -1.0000  -0.0078   0.1628
	  0.0186  -0.2459   0.1127   0.0281   0.1758  -0.9844  -0.2453
	  0.0960  -0.1824   0.1840   0.1176   0.6734  -0.7392  -0.1995
1 1
0003ffff 

