4
linear   essential      -0.250000   0.750000
linear   non-essential   0.000000   1.000000
linear   essential       0.000000   1.000000
linear   essential       0.000000   1.000000

1 2
significant   elliptical     1
	  0.328154  0.261770  0.272059  0.126584
	  0.000100  0.000100  0.000100  0.000100
significant   elliptical     1
	  0.308633  0.268393  0.248229  0.126835
	  0.000100  0.000100  0.000100  0.000100

2 2
significant   elliptical     1
	  0.337167  0.299370  0.260534  0.128448
	  0.000100  0.000100  0.000100  0.000100
significant   elliptical     1
	  0.350312  0.311871  0.260946  0.149092
	  0.000100  0.000100  0.000100  0.000100

3 1
significant   elliptical     2
	  0.370079  0.318261  0.241465  0.137930
	  0.000100  0.000488  0.000100  0.000100

4 2
significant   elliptical     1
	  0.374899  0.332411  0.198797  0.141169
	  0.000100  0.000100  0.000100  0.000100
significant   elliptical     1
	  0.362046  0.311750  0.193094  0.129374
	  0.000100  0.000100  0.000100  0.000100

5 2
significant   elliptical     1
	  0.371600  0.302649  0.260629  0.114023
	  0.000100  0.000100  0.000100  0.000100
significant   elliptical     1
	  0.358325  0.307873  0.242884  0.126278
	  0.000100  0.000100  0.000100  0.000100

6 2
significant   elliptical     1
	  0.355495  0.337269  0.228193  0.126757
	  0.000100  0.000100  0.000100  0.000100
significant   elliptical     1
	  0.370734  0.359630  0.210752  0.129052
	  0.000100  0.000100  0.000100  0.000100

7 1
significant   elliptical     2
	  0.445590  0.254244  0.246993  0.120610
	  0.000100  0.000100  0.000100  0.000100

8 1
significant   elliptical     2
	  0.364291  0.382786  0.226622  0.148664
	  0.000100  0.000100  0.000415  0.000100

9 1
significant   elliptical     2
	  0.373995  0.347968  0.223449  0.145720
	  0.000100  0.000100  0.000100  0.000100

0 2
significant   elliptical     1
	  0.365874  0.351535  0.238107  0.147915
	  0.000100  0.000100  0.000100  0.000100
significant   elliptical     1
	  0.379947  0.355940  0.238902  0.157874
	  0.000100  0.000100  0.000100  0.000100
